i 1 137388
37 f 443740
1 0 54943
0 2 29139
2 10 10006
10 6 24224
6 5 3008
5 8 14613
8 29 175979
29 30 418083
30 33 340407
33 34 443008
34 35 230103
35 37 221997
35 f 27472
0 3 31068
3 4 95422
4 7 92027
7 11 12666
11 8 23611
8 26 18114
26 29 32996
34 37 36028
37 35 12602
i 2 2807
33 f 23956
2 0 45702
0 1 390827
1 4 4442
4 10 25562
10 7 24959
7 8 224292
30 37 14447
37 34 15261
35 33 12046
i 0 390646
34 f 6781
1 2 236394
2 4 95596
4 8 13904
8 9 123211
9 6 14599
6 30 525
30 29 107512
29 33 98876
33 36 19856
36 37 231179
1 3 231436
8 7 9346
11 29 60490
4 6 94183
6 8 223047
9 30 23238
29 34 11421
34 33 32869
33 35 13670
2 11 9583
11 4 10957
8 30 44414
33 37 26144
i 3 2634
3 0 42140
6 10 14121
10 8 23522
3 5 96215
5 10 24855
2 5 95406
11 5 12200
5 7 94289
29 36 535
36 33 6995
2 1 2676
1 5 4511
5 6 96783
6 11 14172
0 11 3832
33 30 6820
30 34 61515
6 9 7607
9 8 10404
35 34 1240
0 5 35107
34 36 226723
37 33 42253
8 11 77206
11 30 15041
29 37 3632
1 10 351
7 4 2722
10 4 11440
9 29 92925
30 36 4018
36 34 1027
36 f 31526
11 6 24065
6 4 2922
0 4 35200
4 11 25510
11 7 24917
7 9 6778
0 10 3986
8 10 75983
10 26 6845
26 30 9285
26 33 8
0 7 761
10 29 59364
0 9 2709
9 4 6195
5 9 13334
3 9 5462
7 26 680
9 26 9219
30 35 5524
4 9 13625
9 7 15044
0 6 802
7 5 2926
7 29 2063
7 10 12643
3 11 9674
8 6 9154
6 29 2077
37 36 19571
3 1 2537
1 7 338
2 6 1958
5 11 24797
29 35 880
3 10 10072
11 26 6813
2 9 5408
9 33 5
1 11 334
10 30 14495
2 7 1813
3 7 1818
3 6 1988
7 30 554
10 9 12
2 3 191
9 5 6578
10 5 12644
35 36 24
10 11 199
10 33 3
34 30 968
4 5 80
6 26 673
4 26 8
26 9 12
9 11 134
1 9 291
1 6 388
26 7 11
9 10 121
26 6 9
3 26 1
26 4 3
33 29 21
5 26 7
26 11 5
11 9 13
26 8 22
26 10 7
8 33 8
2 26 1
11 33 5
26 5 3
6 7 1
