i 26 57
35 f 13197
26 29 126022
29 30 185895
30 33 150727
33 34 202091
34 37 17074
37 35 6128
i 24 169155
34 f 4067
24 27 41827
27 29 49171
33 35 5967
35 37 100573
37 34 8251
24 26 115886
26 30 36181
30 35 3191
37 33 20508
i 25 75580
37 f 200936
25 27 21704
27 30 14915
30 29 54017
29 33 49109
34 35 104873
26 33 12
33 30 3512
30 37 7510
36 f 15082
25 29 5940
34 36 104004
30 34 27174
34 33 14780
33 36 8539
36 37 105040
33 29 9
24 29 9067
37 36 9357
33 f 12049
29 34 6562
i 27 539
24 30 2354
29 36 339
36 33 3973
25 26 46295
29 37 1819
25 30 1659
34 30 533
33 37 13164
35 36 9
26 27 23
30 36 2430
35 33 6212
35 34 670
36 34 583
24 25 19
29 35 502
27 33 7
24 33 2
25 33 1
