i 12 151615
34 f 2088
12 13 150271
13 15 85684
15 17 39175
17 22 4539
22 18 4955
18 20 87873
20 29 37107
29 30 150328
30 35 1554
35 37 80443
37 33 15542
33 34 159371
i 13 40039
35 f 9632
13 14 84774
14 12 11336
12 17 10335
30 33 117317
34 37 12165
37 35 4237
14 17 39211
17 20 5139
20 18 2441
18 22 2010
22 30 9447
30 29 37840
29 35 258
37 f 161320
15 12 12181
12 16 9981
16 19 38255
19 20 87264
20 23 47550
23 30 9601
29 34 4083
34 35 83558
35 33 4334
33 37 9623
15 16 37948
16 20 4858
18 21 2093
21 30 9474
29 33 33453
33 31 386
31 34 1453
36 f 11171
16 18 38355
23 29 38956
29 31 3682
31 30 2094
37 36 6888
12 15 10260
15 13 1512
13 17 1987
17 18 39501
30 36 1239
36 33 2672
33 f 9106
20 30 9201
34 36 82697
36 37 84441
17 19 40073
20 22 47378
22 29 38812
33 30 2510
30 34 22448
14 18 569
18 17 966
17 23 4446
23 18 4830
37 34 5314
20 21 47272
21 29 38726
20 19 2307
19 21 2268
12 21 396
21 19 5000
19 17 997
30 37 5085
13 12 18185
19 29 746
30 31 7822
31 33 7615
14 19 568
23 31 39
31 29 347
34 33 12375
12 14 10939
14 22 1727
22 17 1875
29 37 1324
31 36 160
17 21 4667
15 23 1659
23 17 1844
33 36 7374
16 22 4435
22 19 4790
14 23 1562
18 16 910
19 22 2192
15 21 1695
21 16 1674
19 23 2056
23 20 2556
22 20 2776
15 19 513
i 14 789
13 16 1910
14 16 38322
16 23 4290
23 19 4632
16 21 4767
21 18 5163
33 35 4943
18 23 1945
14 13 1495
13 21 94
34 31 61
31 35 220
35 34 354
22 16 1721
13 22 89
34 30 349
21 20 2851
i 15 874
18 29 779
19 16 914
36 34 270
15 18 527
18 30 150
12 22 384
21 17 1918
22 31 29
12 19 180
29 36 189
14 21 1656
13 18 207
14 15 56
21 22 42
15 22 1664
12 23 393
23 16 1637
19 30 151
13 23 114
13 19 273
31 37 221
22 23 53
12 18 178
16 17 57
21 31 28
37 31 1
20 31 59
21 23 27
35 36 7
22 33 2
21 33 5
33 29 4
20 33 2
19 31 3
