14 17 36941
17 20 4393
22 19 4412
13 17 1775
34 35 78662
36 34 232
18 30 135
33 30 2492
i 15 767
37 35 3907
19 29 643
14 18 493
20 30 8636
12 22 375
16 22 4127
29 34 4064
17 23 4141
21 23 27
35 36 7
18 20 82787
17 18 37316
30 35 1524
i 12 142032
29 30 142294
34 30 349
30 29 36077
14 15 52
33 36 6888
20 19 1977
16 19 36085
21 18 4779
29 37 1321
33 34 149570
23 19 4272
13 23 106
14 21 1515
19 23 1872
15 16 35709
36 f 10391
15 13 1332
22 23 53
19 22 2011
17 19 37844
35 f 9029
14 22 1550
15 23 1501
17 21 4341
12 13 140845
22 16 1577
13 16 1691
18 16 792
33 29 4
37 34 4948
16 17 50
21 22 41
14 19 495
21 33 5
19 17 857
13 12 17066
16 23 3985
21 30 9020
29 33 33083
17 22 4212
22 29 36502
13 19 228
34 37 10988
i 13 37699
12 18 168
20 33 2
14 12 10648
16 20 4184
30 36 1223
29 36 188
15 21 1540
23 18 4471
22 30 8986
13 22 78
35 34 290
18 22 1831
36 37 79187
12 14 10191
15 19 442
22 33 2
18 21 1919
15 12 11461
22 20 2604
30 33 115267
23 17 1702
35 33 3969
12 17 9732
14 23 1419
19 21 2051
15 22 1510
20 22 44687
22 17 1729
30 34 22102
20 23 44882
18 17 818
23 20 2399
37 33 14720
14 16 35996
19 16 786
37 f 151301
21 29 36333
12 19 167
34 36 77654
33 37 9069
22 18 4557
13 18 176
36 33 2481
i 14 709
37 36 6331
21 16 1552
29 35 257
14 13 1331
20 29 34384
16 21 4422
30 37 5014
12 16 9409
13 21 85
35 37 75628
18 23 1763
23 30 9164
15 18 455
20 18 2107
16 18 36165
33 35 4573
21 19 4598
12 21 389
13 15 80462
23 16 1506
23 29 36622
34 33 11678
21 17 1768
21 20 2671
19 20 82169
12 23 387
15 17 36875
34 f 1875
12 15 9544
13 14 79540
20 21 44532
18 29 642
33 f 8611
19 30 131
totSum 181207
base 33 34 35 36 37 12 13 14 15 16 17 18 19 20 21 22 23 29 30
