36 f 13682
i 24 156640
24 29 3
36 37 96472
29 35 417
24 26 115114
33 36 7824
25 27 21530
34 35 96380
30 37 6901
36 34 466
35 f 11951
33 30 3239
35 37 92429
i 25 67539
30 33 137346
27 33 1
26 29 125684
35 33 5314
25 26 46022
29 34 6032
33 29 8
27 29 48645
37 34 7156
34 36 95478
34 f 3355
34 30 498
33 35 5390
30 35 2617
26 33 8
29 30 170610
35 34 532
30 34 25508
34 33 13755
29 33 45199
26 30 35421
30 29 49833
37 33 19220
34 37 14713
29 37 1662
37 36 8412
33 34 184485
26 27 23
37 35 5431
35 36 9
37 f 183960
24 25 19
33 37 12002
27 30 14411
33 f 11231
30 36 1974
29 36 259
36 33 3336
24 27 41504
25 29 6
totSum 224179
base 33 34 35 36 37 24 25 26 27 29 30
