6 9 6710
33 36 18415
34 35 213185
0 10 3634
36 34 848
2 5 88411
1 11 254
33 30 6296
5 8 11619
37 35 11132
10 8 21326
6 7 1
i 2 2202
11 5 11437
10 7 23050
6 10 12632
36 37 213760
29 34 10822
0 4 32252
35 36 24
34 36 209721
4 10 23517
2 6 1508
5 11 22906
29 30 385669
33 34 406931
34 30 891
30 29 98259
7 5 2346
0 7 602
33 29 18
29 37 3342
0 1 361319
3 1 2024
2 11 9039
9 30 23233
1 6 332
10 29 59355
7 8 208637
36 f 28583
3 11 9090
2 1 2071
8 9 114505
9 4 5752
3 7 1422
35 f 24920
10 30 14494
6 29 2077
0 6 620
1 5 3521
0 11 3502
3 6 1549
1 10 284
8 6 7269
37 34 13397
10 9 12
9 7 13530
6 4 2320
i 3 2069
11 4 10227
10 4 10695
6 11 12692
11 9 12
6 30 525
29 33 90165
0 5 32290
1 0 50367
4 11 23544
3 5 89094
2 7 1444
5 10 22929
4 6 87566
36 33 6113
i 0 361144
7 4 2138
30 36 3209
29 36 429
0 2 26319
35 34 962
1 3 213769
4 8 11077
3 0 38131
9 8 9501
37 36 17506
9 29 92915
7 11 11259
34 37 30962
30 33 313811
9 33 5
3 10 9491
35 33 10701
8 10 70135
5 6 90162
9 11 120
8 29 175945
11 30 15039
8 33 8
30 34 58151
1 4 3444
3 9 5071
2 3 176
1 9 238
8 7 7405
37 33 39238
9 6 13117
6 5 2371
11 7 23121
10 5 11872
6 8 207575
11 8 21378
37 f 409838
11 29 60482
33 37 24531
7 30 554
10 33 3
1 7 293
0 9 2403
3 4 88313
2 4 88552
5 9 12103
4 7 85556
5 7 87789
10 11 183
i 1 125699
10 6 22457
30 37 13283
29 35 687
0 3 28171
7 29 2063
35 37 205233
1 2 218611
4 9 12365
2 9 5032
4 5 68
7 10 11286
33 35 12437
8 11 71435
2 10 9429
9 10 110
8 30 44411
34 33 31065
7 9 5930
34 f 5287
30 35 4399
2 0 41470
11 33 5
33 f 22486
9 5 6098
11 6 22323
totSum 491114
base 0 1 2 3 4 5 6 7 8 9 10 11 34 35 36 33 29 30 37
