26 47 8
20 25 17
6 28 12
21 28 210
28 41 25
17 20 6819
7 25 4
22 19 5983
18 19 1
23 26 2292
36 34 2446
37 35 27174
i 2 4180
10 7 31482
39 45 192
12 17 13002
4 5 98
19 39 15
27 39 2519
8 38 460
32 35 2217
29 37 7457
9 39 7185
33 34 921839
23 19 5825
6 41 16
8 12 284
51 f 42965
11 41 621
48 50 25207
49 51 21564
26 23 4
3 11 11916
27 6 9
24 33 7
47 49 1087
8 45 52
22 45 3
20 21 59191
9 40 9
23 40 1
40 42 2
27 47 11
34 32 193
41 43 20501
33 29 37
40 48 3
10 9 15
43 45 26984
8 25 217
11 4 13555
24 28 3236
14 19 772
i 22 1
45 47 41993
11 26 7419
26 30 49124
50 51 22084
27 31 13
1 0 70006
4 11 32392
2 7 2613
5 10 31536
51 48 4792
19 27 120
49 50 28
7 4 3954
20 28 230
27 43 2
16 20 6423
6 27 901
30 36 9511
41 44 19685
31 33 23801
11 39 4270
35 34 2983
18 22 2574
42 43 10
31 34 4850
36 37 482910
26 34 28
9 29 103231
19 41 5
i 29 1665
45 40 306
10 26 7389
15 19 749
24 9 1
i 35 5
24 47 6
27 10 8
4 24 1
26 45 8
5 29 6
20 27 2403
27 32 5
47 45 1251
21 26 2300
8 33 9
7 27 881
22 17 2275
18 17 1284
23 20 3242
8 7 13524
37 33 88760
9 6 18935
i 4 5
10 5 15594
11 8 30292
12 19 236
13 18 282
26 10 8
0 9 3398
3 4 120066
4 7 115220
28 4 1
30 37 30301
5 6 120856
20 8 1
8 40 10
32 37 1311
22 40 1
29 35 1993
33 32 1108
23 45 3
32 27 1
22 31 31
10 12 97
28 10 3
i 17 11
26 21 2
2 10 12338
20 41 454
21 40 3
47 51 6929
19 20 108946
7 9 9031
20 23 59477
40 44 9333
30 35 12788
10 45 8
7 39 69
18 29 818
33 f 49420
43 47 1157
8 27 17185
41 51 229
11 6 30436
9 26 10044
24 30 2822
14 17 49015
i 24 180818
11 28 521
26 28 24
0 7 1045
1 6 581
2 5 120506
26 6 11
23 38 134
5 8 20871
51 50 3353
6 7 7
19 29 783
26 32 2
20 30 9740
27 45 22
16 22 5533
6 25 2
21 31 29
17 23 5541
7 28 18
22 28 219
35 36 46
18 20 109577
23 25 14
37 38 20920
10 24 333
24 11 1
i 37 2
12 22 493
27 22 2
13 23 158
2 28 1
3 1 3752
4 26 9
26 43 6
5 27 15
27 34 15
21 24 151
22 23 65
8 9 154540
9 4 7632
35 f 57311
22 33 2
39 41 3611
12 13 187891
13 16 2434
26 8 24
0 11 4755
3 6 2881
27 5 4
1 10 507
28 6 3
48 47 2899
6 11 18384
21 33 5
19 17 1369
21 20 3616
31 36 302
29 33 201954
33 38 1164
16 26 1
40 39 1
34 37 79098
32 29 1
11 45 8
9 13 47
i 13 50154
34 31 121
44 51 2
24 25 112
14 12 14201
i 19 4
45 50 216
10 20 1
11 25 60
26 19 1
0 2 38119
1 3 290398
4 8 20144
28 29 7403
51 47 6491
25 32 1
15 13 1976
30 31 25482
19 22 2816
6 12 2
26 39 4154
7 11 16682
31 30 6591
16 17 66
30 33 676074
41 47 4520
22 27 2647
35 33 26782
18 27 119
42 44 5
8 29 194857
41 49 1
9 24 530
14 23 1941
i 26 71
45 43 269
10 31 99
25 29 6271
15 22 2007
11 30 16496
50 47 643
24 6 1
1 4 6707
2 3 239
47 f 2348
3 26 1
27 9 6
25 41 239
6 5 4319
4 29 7
19 31 3
20 24 187
48 45 645
37 f 907074
6 31 4
21 29 41034
17 21 5835
7 30 661
22 18 6182
35 38 1297
23 27 2612
36 33 16112
37 36 42221
i 1 174170
10 6 30492
i 39 282
12 16 12551
1 29 3
13 21 130
2 26 1
24 51 1
28 9 2
26 41 581
20 39 3391
47 41 4
21 38 119
28 39 227
32 34 4848
29 38 1
33 35 29191
23 16 2024
10 39 4135
8 11 97163
7 45 2
9 10 164
8 17 1
39 43 5
11 12 77
34 f 16137
12 15 12916
13 14 105913
i 5 3
26 22 6
50 f 7629
27 7 22
26 48 9
26 4 4
6 9 10134
7 12 2
9 41 1059
33 36 41623
23 41 498
40 41 40699
34 35 478211
18 30 158
33 30 14209
i 15 1093
10 8 30144
8 24 1026
11 5 15022
44 45 26639
24 27 44621
14 18 763
i 21 2
45 48 7818
25 26 49841
11 27 7044
0 4 44311
27 28 21
4 10 32268
28 31 19
2 6 2802
24 39 531
5 11 31393
29 30 867152
51 49 2252
25 38 15
30 29 227713
26 37 1
7 5 4151
22 39 3681
20 19 3092
27 40 2
16 19 47834
6 26 715
21 18 6467
10 41 637
17 18 49260
41 45 3801
22 25 17
18 25 1
23 28 241
8 31 244
9 30 25501
14 21 2061
i 28 150
45 41 4599
10 29 66195
15 16 47660
50 45 3
24 8 1
27 21 7
2 1 3991
27 11 6
26 44 3
5 30 1
20 26 2012
27 33 53
6 29 2495
21 27 2583
7 24 10
22 16 2064
18 16 1227
8 6 13224
37 34 34079
9 7 19460
i 3 3867
10 4 14134
39 44 6
11 9 14
i 41 36
12 18 237
13 19 345
3 5 120825
4 6 117657
28 11 1
5 7 117740
20 33 2
27 38 110
47 43 165
28 33 1
8 39 13862
32 36 2420
0 5 44037
29 36 1300
9 38 260
23 18 6021
34 38 388
8 13 72
11 40 1
9 8 13194
32 f 14
11 14 1
44 48 263
48 51 5019
i 16 11
15 12 15376
13 12 22814
37 31 1
26 20 1
3 10 12466
20 40 2
47 48 46462
21 45 11
19 21 2912
31 29 1422
20 22 59280
40 43 9584
30 34 120174
34 33 67321
41 42 13
11 33 5
18 28 6
31 35 529
26 f 4
43 44 332
8 26 19836
11 7 31432
44 47 1151
9 27 8884
24 29 10208
14 16 47891
i 23 2
45 46 1
15 21 2040
11 29 67493
26 31 10
0 6 1100
27 30 25906
1 7 515
7 41 13
2 4 120669
24 41 125
5 9 17084
19 26 46
20 29 39217
16 21 6002
6 24 8
21 16 2069
7 29 2432
31 32 898
11 38 175
35 37 463689
18 23 2512
23 30 10120
36 38 1497
9 28 827
i 30 424
45 39 235
10 27 6884
15 18 737
48 43 9
0 29 3
24 10 1
i 36 10
12 21 507
27 23 3
34 30 2050
25 45 4
21 17 2356
5 28 3
47 44 154
21 25 15
7 26 717
37 32 165
9 5 8127
22 30 9951
49 45 7
43 48 279
13 17 2498
26 11 6
0 10 4899
3 7 2621
1 11 467
23 31 43
28 5 1
46 48 1
6 10 18377
8 41 1837
22 41 477
29 34 23856
21 23 38
34 36 471599
8 15 3
41 39 7389
i 12 189052
10 13 22
43 41 1794
8 21 1
14 15 70
i 18 8
45 51 4019
48 44 9
26 18 3
0 1 491991
2 11 11886
23 39 3627
25 33 4
47 50 1555
19 23 2639
26 38 80
7 8 280514
9 45 13
36 f 66067
40 45 239
30 32 17768
24 f 3
41 40 3478
31 37 610
18 26 56
40 51 1
8 28 1465
44 41 1749
9 25 116
14 22 2045
i 25 82993
45 44 277
10 30 15890
25 30 1779
15 23 2004
11 31 107
26 29 172543
1 5 6822
26 7 14
21 22 53
3 27 2
6 4 4255
4 28 1
19 28 3
26 33 64
20 31 62
16 23 5417
6 30 617
21 30 9972
17 22 5663
7 31 2
22 29 41006
18 21 2719
23 24 154
18 39 19
i 0 492491
10 25 89
i 38 105
12 23 489
1 30 2
13 22 128
2 29 8
49 f 7050
3 0 53377
4 27 6
28 8 4
26 40 2
5 26 7
20 38 96
27 37 2
6 39 72
21 39 3639
28 38 6
48 f 1
32 33 13730
22 20 3483
38 f 27142
9 33 6
23 17 2253
10 38 179
8 10 95411
9 11 170
15 17 48896
39 40 56094
11 13 36
48 49 26134
22 26 2246
12 14 13739
13 15 107363
26 9 14
3 9 6796
27 4 2
1 9 421
28 7 2
20 45 2
6 8 278667
19 16 1208
7 13 1
29 32 4403
33 37 55013
10 33 3
17 26 1
32 30 1
9 12 156
33 31 1091
43 51 5
i 14 972
10 11 230
18 41 8
24 26 122007
14 13 1866
i 20 3
45 49 199
25 27 22987
11 24 366
0 3 40204
27 29 91587
1 2 297475
19 38 1
4 9 17491
28 30 1885
2 9 6732
24 38 7
29 31 11513
25 39 605
21 41 462
19 25 1
7 10 16554
22 38 127
20 18 3255
27 41 364
16 18 47863
40 47 52
21 19 6277
10 40 5
17 19 49908
22 24 141
18 24 2
23 29 41186
8 30 48598
41 48 296
9 31 129
i 27 575
10 28 483
25 28 1912
49 47 1024
11 17 1
26 27 259
24 7 1
6 38 1
27 18 3
2 0 57988
26 5 3
24 45 35
3 29 5
27 8 25
4 30 1
19 30 160
