0 0.12538211274897385
1 0.6010468343863289
2 0.1253821127489735
3 0.1253821127489732
4 0.12538211274897365
5 0.12538211274897354
6 0.1253821127489735
7 0.1253821127489735
8 0.1253821127489735
9 0.1253821127489735
10 0.1253821127489735
11 0.1253821127489735
i 1.3922290611407866
12 0.9999669578128452
13 0.9999669578128452
14 0.0
15 0.0
18 1.5849595869084319
19 1.5849595869084319
20 1.5849595869084319
21 0.0
22 0.0
23 0.0
24 0.1253821127489735
25 0.0
26 0.1253821127489735
27 0.1253821127489735
29 0.1253821127489735
30 0.12121719933552916
33 0.0
34 0.5854327548937838
35 0.0
36 0.39653571226432893
37 0.264220414161312
f 0.0
