0 0.0024914993747615732
1 0.002277700870296808
2 0.0009915030099458678
3 0.0009770370132872264
4 0.0008216535604825218
5 0.0008283442642941902
6 0.000651878007213576
7 0.0006430609033913171
8 0.0011074017051967472
9 0.00036454569256147266
10 0.00040153765513580654
11 0.0004014572821830826
12 0.000912822659980962
13 0.0008171544026438939
14 0.0003519221846300285
15 0.0003541158934670749
16 0.0002967740455393844
17 0.00030577022518968604
18 0.00024123039598377414
19 0.00024169767434733928
20 0.0004127957796907402
21 0.0001325598494262781
22 0.00013081881562926461
23 0.00013007360015711243
24 0.0007436215136119506
25 0.00034058594123075395
26 0.0006713713303144794
27 0.00031105531490730246
28 2.450660529004227e-05
29 0.0018566522598449868
30 0.0016579140924822874
31 5.068050203175505e-05
32 3.098157376998134e-05
33 0.0013284937559497586
34 0.0011564758783516903
35 0.0004913593334893678
36 0.0005032056122856161
37 0.0008899535247584087
38 2.091746913668437e-05
39 9.102803534704358e-05
40 7.603789189859884e-05
41 6.719997444114705e-05
42 1.4551465897266706e-08
43 3.021217294914184e-05
44 2.942706935100224e-05
45 5.0575726611573335e-05
46 7.173024030540836e-10
47 4.12535396935042e-05
48 3.5463724446556396e-05
49 1.4827472141163045e-05
50 1.5098671486211368e-05
51 2.8183730082966353e-05
i 0.0
f 0.0008123417499031544
